4294967278,78
4294967278,73
4294967278,70
4294967278,66
4294967278,64
4294967278,541
4294967278,542
4294967278,561
4294967278,560
4294967279,343
4294967278,301
4294967294,186
4294967278,166
4294967279,166
4294967279,164
4294967278,163
4294967279,161
156,5
156,4
4294967279,162
156,3
156,2
156,1
4294967278,161
4294967294,397
4294967294,948
4294967294,418
4294967294,168
4294967294,399
4294967294,110
4294967294,453
4294967294,112
4294967294,460
4294967294,464
4294967279,160
4294967279,159
4294967279,157
4294967278,155
4294967279,154
4294967294,903
4294967294,528
4294967294,179
4294967294,909
4294967294,912
4294967278,154
4294967279,153
154,4
154,3
154,2
154,1
4294967279,151
4294967279,339
4294967279,361
4294967278,291
4294967279,396
4294967279,360
4294967278,65
4294967278,63
4294967278,62
4294967279,288
4294967279,287
4294967279,359
4294967278,134
4294967279,285
4294967278,276
4294967278,60
4294967278,269
4294967278,61
4294967278,59
4294967278,56
4294967278,55
4294967278,53
4294967278,46
4294967278,45
4294967278,268
4294967279,395
4294967278,282
4294967278,281
4294967278,267
4294967278,265
4294967278,263
4294967278,523
4294967278,551
4294967278,522
153,5
153,4
153,3
153,2
153,1
4294967279,323
4294967278,335
4294967279,321
4294967278,247
4294967279,246
4294967278,243
4294967279,242
151,4
151,3
151,2
151,1
4294967279,239
4294967279,356
4294967294,115
4294967278,233
4294967278,224
4294967279,223
4294967279,266
4294967278,214
4294967279,355
4294967278,213
150,5
150,4
150,3
150,2
150,1
149,4
149,2
149,1
4294967278,202
4294967278,201
4294967278,200
148,4
4294967279,200
148,3
148,2
148,1
4294967278,199
4294967279,350
4294967279,351
4294967279,310
4294967278,192
4294967279,348
4294967278,191
4294967278,190
4294967278,308
4294967294,388
4294967279,308
4294967279,186
4294967278,184
147,5
147,4
147,3
147,2
147,1
4294967278,543
4294967279,300
4294967279,394
4294967294,89
145,4
145,3
145,2
145,1
4294967279,342
4294967294,178
4294967294,406
4294967294,946
4294967294,443
4294967294,458
4294967294,169
4294967278,571
4294967278,165
4294967278,296
4294967278,295
4294967278,536
4294967278,294
4294967278,559
4294967279,260
4294967279,337
4294967278,141
4294967279,273
144,5
144,4
144,3
144,2
144,1
4294967294,896
4294967294,913
4294967294,391
4294967279,286
4294967279,270
142,4
142,3
142,2
142,1
4294967279,334
4294967278,528
4294967278,260
4294967279,275
4294967278,554
4294967279,357
4294967278,553
4294967279,374
4294967278,569
4294967279,329
4294967279,327
4294967279,326
4294967278,521
141,5
141,4
141,3
141,2
141,1
4294967278,251
4294967279,320
4294967278,245
139,4
139,3
139,2
139,1
4294967278,513
4294967278,235
4294967278,573
4294967278,231
4294967278,225
4294967279,221
4294967279,213
4294967278,512
4294967278,317
4294967278,209
4294967279,209
138,4
138,3
138,2
138,1
4294967279,208
4294967278,550
4294967279,353
4294967278,203
4294967279,352
4294967278,549
4294967279,311
4294967278,334
4294967279,199
4294967278,321
4294967278,120
4294967278,119
4294967278,117
4294967278,116
4294967278,114
4294967278,113
4294967278,112
4294967278,37
4294967278,36
4294967278,35
4294967278,34
4294967278,33
4294967278,32
4294967278,31
4294967278,30
4294967278,29
4294967278,28
4294967278,27
4294967278,26
4294967278,25
4294967278,24
4294967278,23
4294967278,22
4294967278,21
4294967278,20
4294967278,19
4294967278,18
4294967278,17
4294967278,16
4294967278,15
4294967278,14
4294967278,13
4294967278,12
4294967278,11
4294967278,10
4294967278,9
4294967278,8
4294967278,7
4294967278,6
4294967278,5
4294967278,4
4294967278,310
4294967278,547
4294967279,349
4294967278,333
4294967279,132
4294967279,131
4294967279,130
4294967279,129
4294967279,128
4294967279,127
4294967279,126
4294967279,125
4294967279,124
4294967279,123
4294967279,122
4294967279,121
4294967279,120
4294967279,119
4294967279,118
4294967279,117
4294967279,116
4294967279,115
4294967279,114
4294967279,113
4294967279,112
4294967279,111
4294967279,110
4294967279,109
4294967279,108
4294967279,107
4294967279,106
4294967279,105
4294967279,104
4294967279,103
4294967279,102
4294967279,174
4294967278,332
4294967279,190
4294967278,309
4294967279,189
4294967278,188
4294967279,305
4294967279,393
4294967278,183
4294967279,177
4294967279,179
137,5
4294967278,178
137,4
137,3
137,2
137,1
4294967278,173
4294967279,176
4294967279,175
4294967278,169
135,4
135,3
135,2
135,1
4294967278,167
4294967294,393
4294967279,298
4294967279,165
4294967279,380
4294967278,298
4294967294,408
4294967294,396
4294967294,400
4294967294,177
4294967294,398
4294967294,415
4294967294,167
4294967294,944
4294967294,456
4294967294,113
4294967294,417
4294967294,111
4294967294,413
4294967279,296
4294967279,163
4294967279,297
4294967278,299
4294967278,162
4294967278,297
4294967279,378
4294967278,160
4294967279,377
4294967279,293
4294967279,392
4294967278,153
4294967278,152
4294967278,150
4294967278,149
4294967278,557
4294967278,147
4294967278,146
4294967294,104
4294967294,106
4294967294,180
4294967294,183
4294967294,182
4294967294,12
4294967278,535
4294967278,534
4294967278,533
4294967279,335
4294967279,294
4294967279,341
4294967278,290
4294967279,290
4294967279,140
4294967278,140
4294967278,139
4294967279,138
4294967278,138
4294967278,274
134,5
4294967279,135
134,4
4294967278,135
134,3
134,2
134,1
4294967279,271
4294967278,133
4294967278,272
4294967279,279
4294967278,273
4294967278,331
4294967279,265
132,4
132,3
132,2
132,1
4294967278,330
4294967278,264
131,4
131,3
131,2
131,1
4294967278,262
4294967294,387
4294967278,575
4294967279,332
