4294967278,51
4294967278,50
4294967278,57
4294967278,56
4294967278,55
4294967278,53
4294967278,52
4294967278,224
4294967278,72
4294967278,71
4294967278,70
4294967278,69
4294967278,68
4294967278,67
4294967278,66
4294967278,65
4294967278,64
4294967278,63
4294967278,62
4294967278,61
4294967278,222
4294967278,221
4294967278,338
4294967278,217
4294967278,319
4294967278,213
4294967278,215
4294967294,61
4294967294,1411
4294967278,212
4294967278,99
4294967278,97
4294967278,91
4294967278,89
4294967278,87
4294967278,310
4294967278,82
4294967278,81
4294967278,80
4294967278,79
4294967278,78
4294967278,77
4294967278,308
4294967278,307
4294967278,306
4294967278,73
4294967278,211
4294967278,98
4294967278,318
4294967279,408
4294967278,209
4294967278,208
4294967278,550
4294967278,93
4294967278,314
4294967278,92
4294967278,313
4294967278,203
4294967294,186
4294967279,407
4294967279,346
4294967278,90
4294967278,202
4294967278,549
4294967278,201
4294967278,200
4294967294,89
4294967278,197
4294967278,199
210,5
210,4
4294967278,321
4294967278,198
210,2
210,1
4294967278,195
4294967278,193
4294967278,332
208,4
208,3
208,2
208,1
4294967278,186
4294967278,184
4294967279,304
4294967278,124
4294967278,123
4294967278,122
4294967278,121
4294967278,120
4294967278,119
4294967278,117
4294967278,116
4294967278,111
4294967278,110
4294967278,109
4294967278,108
4294967278,107
4294967278,106
4294967278,102
4294967278,101
4294967278,100
4294967279,0
4294967279,184
4294967278,544
4294967279,183
4294967278,562
4294967279,302
4294967294,386
4294967279,301
4294967278,344
4294967278,538
4294967278,0
4294967279,347
4294967278,178
4294967279,178
4294967294,38
4294967294,37
4294967278,177
4294967279,177
4294967279,394
4294967279,176
4294967279,175
4294967279,171
4294967279,173
207,5
207,4
4294967279,172
207,3
207,2
207,1
4294967279,343
4294967294,40
4294967278,168
4294967279,170
4294967279,240
4294967279,169
4294967278,167
4294967279,167
4294967279,166
4294967279,298
4294967278,165
4294967279,165
4294967278,164
4294967278,163
4294967279,163
205,4
4294967279,162
205,3
205,2
205,1
4294967279,378
4294967294,947
4294967279,161
4294967279,160
204,4
4294967279,159
204,3
204,2
204,1
4294967279,293
4294967294,392
4294967294,393
4294967294,388
4294967294,389
4294967294,44
4294967294,468
4294967279,158
4294967294,41
4294967294,43
4294967279,155
203,4
4294967279,154
203,3
203,2
203,1
4294967279,341
4294967294,45
4294967294,53
4294967294,416
4294967279,153
4294967279,340
4294967294,2
4294967294,901
4294967294,185
4294967294,69
4294967279,376
4294967294,82
4294967279,339
4294967294,86
4294967294,84
4294967279,398
4294967294,107
4294967294,81
4294967294,50
4294967294,92
4294967294,90
4294967294,88
4294967294,426
4294967294,423
4294967294,9
4294967294,8
4294967294,7
4294967279,390
4294967294,22
4294967294,387
4294967294,166
4294967294,168
4294967294,161
4294967294,99
4294967294,165
4294967294,24
4294967294,113
4294967294,46
4294967294,1
4294967294,115
4294967294,112
4294967294,167
4294967294,31
4294967294,12
4294967294,1412
4294967278,132
4294967278,131
4294967278,130
4294967278,129
4294967278,128
4294967278,127
4294967278,126
4294967278,125
4294967278,118
4294967278,115
4294967278,114
4294967278,113
4294967278,112
4294967278,105
4294967278,104
4294967278,103
4294967278,96
4294967278,95
4294967278,94
4294967278,86
4294967278,85
4294967278,84
4294967278,83
4294967278,76
4294967278,75
4294967278,74
4294967278,60
4294967278,59
4294967278,58
4294967278,54
4294967279,72
4294967279,71
4294967279,70
4294967279,69
4294967279,68
4294967279,67
4294967279,66
4294967279,65
4294967279,64
4294967279,63
4294967279,62
4294967279,61
4294967279,60
4294967279,59
4294967279,58
4294967279,57
4294967279,56
4294967279,55
4294967279,54
4294967279,53
4294967279,52
4294967279,51
4294967279,50
4294967279,49
4294967279,48
4294967279,47
4294967279,46
4294967279,45
4294967279,44
4294967279,43
4294967279,42
4294967279,41
4294967279,40
4294967279,39
4294967279,38
4294967279,37
4294967279,35
4294967279,34
4294967279,33
4294967279,32
4294967279,31
4294967279,28
4294967279,375
4294967279,27
4294967279,137
4294967279,26
4294967279,25
4294967279,24
4294967279,23
4294967279,22
4294967279,21
4294967279,20
4294967279,19
4294967279,18
4294967279,17
4294967279,16
4294967279,15
4294967279,14
4294967279,13
4294967279,12
4294967279,11
4294967279,10
4294967279,9
4294967279,8
4294967279,7
